# 5 rt 39 = 31.224989991991991029234465604699
l=-11.224989991991991029234465604699,75=-11.224989991991991029234465604699,25
c:-31.224989991991991029234465604699,25=-11.224989991991991029234465604699,25=-15.612494995995995514617232802349,12.5
c:0,0=-15.612494995995995514617232802349,12.5=-14.142135623730950488016887242097,-14.142135623730950488016887242097
c:0,0=-14.142135623730950488016887242097,-14.142135623730950488016887242097=15.612494995995995514617232802349,-12.5
c:31.224989991991991029234465604699,-25=15.612494995995995514617232802349,-12.5=31.224989991991991029234465604699,-5
l=31.224989991991991029234465604699,-5=65,-5
